
vol =

    2.7341


vol_total =

    2.7347


vol =

    0.0028


vol_total =

    0.0028

